
0.001701
0.003929
0.001019
0.004761
0.004959
0.002216
0.006790
0.002827
0.000000
0.008888
0.003174
0.000000
0.000000
0.010567
0.003780
0.000000
0.000000
0.011875
0.003586
0.000000
0.000000
0.012009
0.003563
0.000000
0.000000
0.012047
0.003345
0.000000
0.000000
0.014236
0.000000
0.000000
0.009995
0.002899
0.000000
0.008648
0.002525
0.007156
0.002083
0.000000
0.008312
0.005344
0.001682
0.006523
0.000000
0.006020
0.005825
0.000000
0.006344
0.004860
0.001297
0.006794
0.000000
0.006668
0.000000
0.007030
0.005814
0.001308
0.006893
0.000000
0.007206
0.000000
0.007710
0.000000
0.008305
0.000000
0.007622
0.001331
0.000000
0.009708
0.000000
0.000000
0.011379
0.000000
0.000000
0.013126
0.000000
0.000000
0.000000
0.015064
0.000000
0.000000
0.000000
0.014706
0.000000
0.000000
0.012875
0.001709
0.000000
0.000000
0.013309
0.000000
0.000000
0.011951
0.000000
0.008842
0.001842
0.000000
0.008678
0.002216
0.000000
0.010696
0.000000
0.008152
0.002289
0.000000
0.008671
0.002716
0.000000
0.008961
0.002995
0.000000
0.000000
0.013554
0.000000
0.000000
0.010471
0.004158
0.000000
0.000000
0.011703
0.004253
0.000000
0.000000
0.000000
0.013336
0.004395
0.000000
0.000000
0.014175
0.003910
0.000000
0.000000
0.000000
0.013836
0.003719
0.000000
0.000000
0.012878
0.003822
0.000000
0.000000
0.010868
0.004181
0.000000
0.000000
0.010384
0.005016
0.000000
0.000000
0.010883
0.004841
0.000000
0.000000
0.012478
0.004944
0.000000
0.000000
0.000000
0.013268
0.004639
0.000000
0.000000
0.013958
0.000000
0.004128
0.000000
0.000000
0.013245
0.003777
0.000000
0.000000
0.013340
0.003780
0.000000
0.000000
0.000000
0.013924
0.003605
0.000000
0.000000
0.000000
0.015411
0.003555
0.000000
0.000000
0.000000
0.017094
0.002869
0.000000
0.000000
0.000000
0.016838
0.002769
0.000000
0.000000
0.015072
0.002365
0.000000
0.000000
0.012543
0.002247
0.000000
0.000000
0.013004
0.000000
0.008606
0.002190
0.000000
0.010162
0.000000
0.006947
0.002098
0.000000
0.009274
0.000000
0.007389
0.002357
0.006832
0.002640
0.000000
0.009056
0.000000
0.007885
0.004158
0.002399
0.005543
0.002419
0.005081
0.002548
0.005577
0.002754
0.003414
0.003212
0.003574
0.003834
0.006699
0.003433
0.003113
0.003387
0.003300
0.006546
0.002876
0.004341
0.002563
0.005119
0.002434
0.005714
0.002186
0.005383
0.001781
0.006481
0.004242
0.002949
0.004082
0.002831