
0.000000
0.000000
0.000000
0.000000
0.000000
0.000000
0.000000
0.000000
0.000000
0.000000
0.000000
0.000000
0.000000
0.000000
0.000000
0.000000
0.000000
0.000000
0.000000
0.000000
0.000000
0.000000
0.000000
0.000000
0.000000
0.000004
0.000034
0.000076
0.000084
0.000263
0.000153
0.000717
0.000370
0.001160
0.000721
0.002048
0.001019
0.003235
0.001526
0.004959
0.002216
0.006790
0.002827
0.008888
0.003174
0.010567
0.003780
0.011875
0.003586
0.012009
0.003563
0.012047
0.003345
0.011208
0.003029
0.009995
0.002899
0.008648
0.002525
0.007156
0.002083
0.006382
0.001930
0.005344
0.001682
0.005100
0.001423
0.004631
0.001389
0.004513
0.001312
0.005020
0.001324
0.004860
0.001297
0.005505
0.001289
0.005348
0.001320
0.005825
0.001205
0.005814
0.001308
0.005550
0.001343
0.005905
0.001301
0.006363
0.001347
0.006969
0.001335
0.007622
0.001331
0.008358
0.001350
0.009979
0.001400
0.011642
0.001484
0.013615
0.001450
0.013157
0.001549
0.012875
0.001709
0.011642
0.001667
0.010105
0.001846
0.008842
0.001842
0.008678
0.002216
0.008484
0.002213
0.008152
0.002289
0.008671
0.002716
0.008961
0.002995
0.010033
0.003521
0.010471
0.004158
0.011703
0.004253
0.013336
0.004395
0.014175
0.003910
0.013836
0.003719
0.012878
0.003822
0.010868
0.004181
0.010384
0.005016
0.010883
0.004841
0.012478
0.004944
0.013268
0.004639
0.013958
0.004128
0.013245
0.003777
0.013340
0.003780
0.013924
0.003605
0.015411
0.003555
0.017094
0.002869
0.016838
0.002769
0.015072
0.002365
0.012543
0.002247
0.010712
0.002293
0.008606
0.002190
0.007793
0.002369
0.006947
0.002098
0.006775
0.002499
0.007389
0.002357
0.006832
0.002640
0.006615
0.002441
0.005409
0.002476
0.004158
0.002399
0.003212
0.002331
0.002419
0.002872
0.002209
0.002548
0.002453
0.003124
0.002754
0.003414
0.003212
0.003574
0.003834
0.003185
0.003513
0.003433
0.003113
0.003387
0.003300
0.003071
0.003475
0.002876
0.004341
0.002563
0.005119
0.002434
0.005714
0.002186
0.005383
0.001781
0.004906
0.001575
0.003197
0.001045
0.002316
0.000633
0.001991
0.000530
0.001209
0.000351
0.001102
0.000248
0.000504
0.000145
0.000328
0.000076
0.000217
0.000042
0.000065
0.000000
0.000050
0.000000
0.000034
0.000000
0.000000
0.000000
0.000004
0.000000
0.000000
0.000000
0.000008
0.000000
0.000008
0.000000
0.000000
0.000000
0.000000
0.000000
0.000000
0.000000
0.000000
0.000000
0.000000